available_stations
0301
0302
0303
0304
0306
0307
0308
0309
0313
0314
0315
0317
0319
0322
0323
0324
0325
0327
0329
0332
0333
0335
0340
0341
0348
0349
0350
0351
0353
0354
0362
0363
0382
0400
0401
0402
0403
0404
0406
0407
0408
0411
0412
0414
0415
0418
0420
0421
0424
0425
0427
0431
2023 CCS Hourly Volume Data
0501
0503
0504
0507
0508
0511
0513
0601
0602
0605
0606
0609
0611
0612
0613
0615
0616
0617
0621
0622
0623
0624
0625
0626
0627
0628
0629
0630
0631
0632
0634
0635
0636
0637
0638
0639
0641
0642
0643
0644
0645
0646
0647
0648
0649
0650
0651
0653
0655
0656
0657
0658
0659
0660
0661
0662
0663
0664
0665
0667
0668
0669
0670
0671
0672
0673
0674
0675
0676
0677
0678
0679
0680
0682
0702
0703
0711
0712
0713
0714
0715
0716
0717
0718
0719
0720
0721
0722
0723
0724
0725
0726
0727
0728
0729
0730
0731
0732
0733
2023 CCS Hourly Volume Data
