station_number,AADT,daytime_perc,min_hours
733,34404,62.39,0.02264
731,1761,60.7,0.45466
730,4524,73.89,0.14539
729,12056,64.92,0.06209
728,8154,64.69,0.09214
727,3005,64.46,0.2509
726,5069,72.22,0.13276
725,7825,65,0.09555
724,7674,63.58,0.09961
723,61389,63.16,0.01253
722,6143,63.54,0.12451
721,25286,63.21,0.03041
720,26011,62.99,0.02966
719,57281,63.5,0.01336
718,61353,63.59,0.01246
717,29675,61.52,0.02662
716,18778,64.97,0.03984
715,8097,67.22,0.08929
714,5771,62.87,0.13395
713,8686,62.51,0.08951
712,9116,63,0.08462
703,28394,65.45,0.02615
702,40025,63.92,0.019
623,27456,65.35,0.02709
621,66021,63,0.01168
508,8504,63.56,0.08991
504,1848,70.24,0.37441
503,6968,63.89,0.10917
427,4753,62.02,0.16487
421,13986,66.43,0.05231
420,5763,66.51,0.12679
418,7397,67.69,0.09706
415,2057,70.25,0.33632
414,1043,69.51,0.67035
412,5959,65.77,0.124
411,4517,68.63,0.15677
404,6930,65.6,0.10691
403,25468,63.02,0.03028
402,32282,65.15,0.02311
401,32022,62.2,0.0244
400,42736,63.31,0.01796
382,4126,65.24,0.18055
324,3893,65.78,0.18978
313,20656,62.99,0.03735
