station_number,AADT,AADT_percentage
733,33164,63
731,1801,61.13
730,3281,75.04
729,10722,66.28
728,7784,65.18
727,2694,65.18
726,3813,72.91
725,7364,65.86
724,7191,64.5
723,60964,63.8
722,5354,63.86
721,23859,63.93
720,24197,63.64
719,57320,64.64
718,62392,64.6
717,28531,62.03
716,19540,66.75
715,6903,69.25
714,5875,65.19
713,8957,64.32
712,9357,64.52
703,28797,66.64
702,41288,65.27
623,27548,66.43
621,66366,63.77
508,7369,64
504,1457,70.49
503,6404,64.69
427,3911,62.11
421,10009,67.93
420,4301,66.52
418,5469,67.11
415,1352,70.49
414,746,70.38
412,4450,67.39
411,3096,69.09
404,4981,65.63
403,20117,63.55
402,26681,66.16
401,25600,62.59
400,34876,63.85
382,2487,65.58
324,2965,65.5
313,16590,63.76
